C_Sf: 4.718
C_Sr: 5.4562
I_z: 0.04712
a_max: 7.51
a_min: 8.26
h_cg: 0.02
l_f: 0.15875
l_r: 0.17145
l_wb: 0.3302
m: 3.47
model_name: SIM
mu: 1.0
tau_steer: 0.4189
tire_model: linear
